0.696356
0.667883
0.695676
0.670346
0.66054
0.675614
0.645313
0.656924
0.651765
0.635246
0.646089
0.634786
0.629964
0.634979
0.626848
0.624573
0.629063
0.623998
0.623383
0.629004
0.627595
0.626509
0.634637
0.634163
0.632754
0.64328
0.643542
0.639324
0.649613
0.648356
0.64211
0.650746
0.647097
0.635877
0.639312
0.632102
0.616976
0.614112
0.602934
0.584527
0.575514
0.562638
0.544158
0.531785
0.519335
0.505324
0.494523
0.485606
0.477511
0.471067
0.466222
0.462665
0.460243
0.459199
0.458823
0.458532
0.459053
0.460236
0.460997
0.46144
0.462038
0.46259
0.462891
0.46293
0.462693
0.462225
0.461514
0.460485
0.459251
0.45802
0.456766
0.45539
0.454017
0.452828
0.451842
0.451027
0.450428
0.450099
0.450057
0.450306
0.450826
0.45157
0.452524
0.453704
0.455087
0.456622
0.458299
0.460123
0.462061
0.46406
0.4661
0.468198
0.470372
0.472621
0.474938
0.477306
0.479709
0.482148
0.484643
0.487217
0.489885
0.492658
0.495539
0.498514
0.501563
0.504675
0.50785
0.511094
0.514402
0.517753
0.521103
0.524389
0.527543
0.530495
0.533183
0.535548
0.537528
0.539063
0.540106
0.540637
0.540676
0.540291
0.539583
0.538673
0.537688
0.536755
0.536007
0.535579
0.535607
0.536222
0.537544
0.539692
0.542812
0.547098
0.552834
0.560406
0.570301
0.583064
0.599185
0.618856
0.641517
0.665119
0.68523
0.694753
0.685929
0.656192
0.615187
0.582206
0.570895
0.582251
0.611869
0.655737
0.70615
0.74722
0.767643
0.777685
0.801001
0.83332
0.864067
0.914102
0.977861
1.05096
1.10773
1.0473
0.999402
0.923108
1.02621
1.2876
1.67411
2.09657
2.64515
3.39826
4.38683
5.22344
6.45727
7.30652
8.40969
9.40913
10.4792
11.5713
12.5798
13.3238
14.0644
14.6615
15.0194
15.2041
15.1948
15.004
14.548
13.8263
12.8493
11.657
10.0468
8.1918
6.37636
3.58634
2.0042
1.84925
2.36665
3.10318
3.77426
4.39522
4.90416
5.29306
5.56888
5.69672
5.69733
5.58994
5.35836
5.03469
4.61432
4.14049
3.70964
3.4088
2.81298
2.95138
2.48041
1.89637
1.69486
2.51026
1.69121
4.16335
4.75914
3.08692
5.11211
5.71621
2.39239
4.92536
6.22859
4.60856
1.73524
2.38776
2.3819
2.67834
3.25862
2.3304
5.04555
6.67868
4.57971
2.81135
6.87863
8.36504
4.90068
3.00875
5.35086
6.74302
4.41403
2.8251
3.19701
3.53451
3.58464
3.4982
2.63867
3.81567
4.1977
2.9028
2.71334
3.66605
6.6222
3.32872
5.67938
8.51588
7.16236
3.42421
4.77066
5.64328
4.78586
4.28092
3.968
4.06007
3.96791
3.46369
4.39092
7.85452
7.43809
3.61836
7.32527
14.0661
11.0924
3.27954
9.15937
12.6109
11.7309
7.02816
3.55911
4.15989
3.3241
3.58363
4.22311
8.74399
10.0794
5.98476
4.68275
12.456
15.886
15.4114
11.4506
5.68468
6.62852
9.25555
12.138
9.88798
7.50238
5.75095
5.02361
4.63548
4.20977
3.95564
3.52273
4.30864
9.97439
11.5042
9.1026
3.56493
11.4739
15.9144
12.5629
4.03851
5.17588
5.99627
3.57842
10.9455
15.4269
12.1906
3.87241
6.42383
7.78018
5.20783
11.2748
16.2229
12.9695
9.96624
13.7268
20.8075
21.7308
19.8879
25.3346
26.9039
24.5057
20.3972
24.1169
29.7
30.6668
27.2812
22.6844
25.0698
27.5788
29.9424
33.6932
34.5501
43.5996
39.3517
42.4416
51.2384
39.7639
38.598
41.9751
47.1579
48.5226
49.1219
49.2026
43.8286
43.5885
43.5684
46.5484
49.4723
50.0061
50.2114
46.9879
43.422
43.6613
43.6006
37.846
35.3626
30.4313
23.5375
46.6051
50.2664
55.1548
55.2786
50.6088
45.582
36.9841
32.9055
49.0634
41.0831
43.6683
43.6683
43.6683
43.6683
45.9287
36.073
47.5893
53.0991
53.1893
50.7984
40.4868
52.8427
51.3008
41.2612
40.9771
51.6926
52.8208
52.8559
52.8361
52.8381
52.7797
50.7217
35.5478
46.5311
46.4153
37.1404
49.9891
52.4426
44.0807
42.9642
41.6232
48.4746
49.2633
51.564
51.2187
49.4215
49.4511
52.5198
49.9975
46.5149
52.1433
46.3486
48.5071
53.1844
39.6228
38.7643
36.3823
32.384
30.2049
25.4145
21.9181
11.6745
30.327
43.1066
43.5808
42.7878
29.9283
26.2631
28.9909
31.6693
32.0365
32.1882
32.0868
31.8758
24.4954
24.8428
25.5114
25.9941
25.7991
25.4018
25.2514
25.3609
25.4411
25.3769
25.3847
25.4247
25.5174
25.7181
25.9676
26.214
26.5296
18.5574
26.214
33.8834
34.1327
33.6684
22.4888
16.8961
18.302
19.594
19.643
18.7206
25.6094
27.2519
27.1394
27.2017
27.4303
27.1069
22.3268
17.6184
26.0965
24.0454
18.9835
26.0045
27.7328
27.5416
27.5735
27.7841
25.444
19.7298
23.0456
24.3227
23.5005
20.4796
