0.00146768
0.00144929
0.00144044
0.00141126
0.00139417
0.00136256
0.00134372
0.00130869
0.00128366
0.00124741
0.00122518
0.00119215
0.00116908
0.00113231
0.00110788
0.00107475
0.00105504
0.00102402
0.00100254
0.00096916
0.000948173
0.000918812
0.00090217
0.000874797
0.000856987
0.000827563
0.000809275
0.000782401
0.000767788
0.000743928
0.000729873
0.000704902
0.000689329
0.000664703
0.000650885
0.000629274
0.00061753
0.000596943
0.00058453
0.000563368
0.000550568
0.000530683
0.000519404
0.000501605
0.000491314
0.000474225
0.000463711
0.000447005
0.000436869
0.000421602
0.000412692
0.000399028
0.000390999
0.000378324
0.000370782
0.000359069
0.000352323
0.000341907
0.000336155
0.000326938
0.000321984
0.000313717
0.000309424
0.000302047
0.00029842
0.000291885
0.000288839
0.000282989
0.000280379
0.000275051
0.000272738
0.000267788
0.000265661
0.000260988
0.000258985
0.000254531
0.000252615
0.000248331
0.000246467
0.000242344
0.000240572
0.000236681
0.000235078
0.000231467
0.000230042
0.00022669
0.000225424
0.000222334
0.000221256
0.000218463
0.000217596
0.000215085
0.000214393
0.000212111
0.00021155
0.000209463
0.000209023
0.000207114
0.00020678
0.000205019
0.000204759
0.000203111
0.000202901
0.000201343
0.000201174
0.000199696
0.000199561
0.000198152
0.000198041
0.000196692
0.000196601
0.000195306
0.000195235
0.000193991
0.000193938
0.000192741
0.000192705
0.000191552
0.000191532
0.00019042
0.000190413
0.000189339
0.000189345
0.000188305
0.000188321
0.00018731
0.000187334
0.000186351
0.000186381
0.000185422
0.000185456
0.000184517
0.000184554
0.000183633
0.00018367
0.000182764
0.000182801
0.00018191
0.000181947
0.000181068
0.000181102
0.000180233
0.000180265
0.000179407
0.000179436
0.000178588
0.000178616
0.000177777
0.000177802
0.000176973
0.000176996
0.000176175
0.000176196
0.000175386
0.000175405
0.000174605
0.000174623
0.000173833
0.00017385
0.000173069
0.000173086
0.000172315
0.000172332
0.000171572
0.00017159
0.000170842
0.000170859
0.000170123
0.000170142
0.000169418
0.000169438
0.000168728
0.000168751
0.000168055
0.000168081
0.0001674
0.00016743
0.000166766
0.000166799
0.000166153
0.000166193
0.000165565
0.000165611
0.000165004
0.000165057
0.00016447
0.000164531
0.000163967
0.000164037
0.000163495
0.000163575
0.000163056
0.000163146
0.000162651
0.000162752
0.000162281
0.000162392
0.000161946
0.000162068
0.000161645
0.000161779
0.00016138
0.000161525
0.000161149
0.000161305
0.00016095
0.000161116
0.000160783
0.00016096
0.000160647
0.000160833
0.000160539
0.000160734
0.000160459
0.000160662
0.000160403
0.000160614
0.000160371
0.000160589
0.00016036
0.000160584
0.000160369
0.000160599
0.000160396
0.00016063
0.000160438
0.000160678
0.000160495
0.000160738
0.000160566
0.000160812
0.000160647
0.000160896
0.00016074
0.000160991
0.000160841
0.000161093
0.00016095
0.000161204
0.000161066
0.000161321
0.000161188
0.000161444
0.000161315
0.000161571
0.000161447
0.000161703
0.000161582
0.000161839
0.000161721
0.000161978
0.000161863
0.000162119
0.000162007
0.000162263
0.000162153
0.000162408
0.0001623
0.000162555
0.000162449
0.000162703
0.000162599
0.000162852
0.00016275
0.000163001
0.000162901
0.000163151
0.000163052
0.000163302
0.000163204
0.000163452
0.000163356
0.000163603
0.000163508
0.000163753
0.000163659
0.000163903
0.00016381
0.000164053
0.000163961
0.000164202
0.000164111
0.000164351
0.00016426
0.000164499
0.000164409
0.000164647
0.000164558
0.000164794
0.000164705
0.00016494
0.000164852
0.000165085
0.000164998
0.00016523
0.000165143
0.000165374
0.000165287
0.000165516
0.00016543
0.000165658
0.000165573
0.000165799
0.000165714
0.000165939
0.000165854
0.000166078
0.000165994
0.000166216
0.000166132
0.000166353
0.000166269
0.000166489
0.000166406
0.000166624
0.000166541
0.000166758
0.000166675
0.000166891
0.000166808
0.000167023
0.000166941
0.000167154
0.000167072
0.000167284
0.000167202
0.000167413
0.000167331
0.00016754
0.000167459
0.000167667
0.000167586
0.000167793
0.000167712
0.000167918
0.000167837
0.000168042
0.000167961
0.000168164
0.000168084
0.000168286
0.000168206
0.000168407
0.000168327
0.000168527
0.000168447
0.000168646
0.000168566
0.000168764
0.000168685
0.000168881
0.000168802
0.000168997
0.000168918
0.000169112
0.000169033
0.000169226
0.000169147
0.000169339
0.000169261
0.000169451
0.000169373
0.000169563
0.000169485
0.000169673
0.000169595
0.000169783
0.000169705
0.000169891
0.000169814
0.000169999
0.000169922
0.000170106
0.000170029
0.000170212
0.000170136
0.000170318
0.000170241
0.000170422
0.000170346
0.000170526
0.00017045
0.000170629
0.000170553
0.000170731
0.000170655
0.000170832
0.000170756
0.000170933
0.000170857
0.000171033
0.000170957
0.000171132
0.000171056
0.00017123
0.000171155
0.000171328
0.000171253
0.000171424
0.000171349
0.00017152
0.000171446
0.000171616
0.000171541
0.00017171
0.000171636
0.000171805
0.00017173
0.000171898
0.000171824
0.000171991
0.000171917
0.000172083
0.000172009
0.000172174
0.0001721
0.000172265
0.000172191
0.000172355
0.000172281
0.000172444
0.000172371
0.000172533
0.00017246
0.000172621
0.000172548
0.000172709
0.000172636
0.000172796
0.000172723
0.000172882
0.00017281
0.000172968
0.000172896
0.000173053
0.000172981
0.000173138
0.000173066
0.000173222
0.00017315
0.000173305
0.000173234
0.000173388
0.000173317
0.000173471
0.0001734
0.000173553
0.000173482
0.000173634
0.000173563
0.000173715
0.000173645
0.000173795
0.000173725
0.000173875
0.000173805
0.000173955
0.000173885
0.000174034
0.000173964
0.000174112
0.000174042
0.00017419
0.00017412
0.000174267
0.000174198
0.000174344
0.000174275
0.000174421
0.000174352
0.000174497
0.000174428
0.000174572
0.000174504
0.000174648
0.000174579
0.000174722
0.000174654
0.000174797
0.000174729
0.000174871
0.000174803
0.000174944
0.000174876
0.000175017
0.00017495
0.00017509
0.000175022
0.000175162
0.000175095
0.000175234
0.000175167
0.000175305
0.000175238
0.000175376
0.000175309
0.000175447
0.00017538
0.000175517
0.000175451
