0.00110232
0.00108877
0.00108224
0.0010608
0.00104825
0.00102484
0.00101077
0.000984965
0.000966716
0.000940087
0.000923463
0.000898783
0.000881701
0.000854786
0.000836943
0.00081232
0.000797357
0.000774136
0.000758241
0.000733722
0.000718234
0.000696205
0.000683349
0.000662589
0.000649104
0.000627186
0.000613448
0.000593088
0.000581489
0.000562913
0.000551627
0.000532433
0.000520245
0.000501305
0.000490101
0.000472917
0.000462858
0.000446326
0.000435911
0.000419186
0.000408617
0.000392764
0.000383097
0.000368551
0.000359522
0.0003456
0.000336639
0.000323236
0.000314701
0.000302367
0.000294666
0.000283453
0.000276435
0.000266091
0.000259635
0.000250183
0.000244425
0.000235946
0.000230893
0.000223281
0.000218853
0.00021204
0.000208224
0.000202172
0.000198897
0.000193464
0.000190587
0.00018565
0.000183118
0.000178639
0.000176408
0.000172291
0.000170237
0.000166344
0.00016437
0.000160649
0.000158759
0.000155225
0.00015343
0.000150074
0.000148358
0.000145161
0.000143521
0.000140494
0.000138956
0.000136126
0.000134715
0.00013209
0.000130807
0.00012837
0.000127201
0.000124939
0.000123886
0.000121801
0.00012087
0.000118953
0.000118129
0.000116346
0.0001156
0.000113925
0.000113249
0.000111681
0.000111077
0.000109608
0.000109064
0.000107671
0.000107165
0.000105832
0.000105361
0.000104091
0.000103662
0.000102456
0.000102065
0.000100911
0.000100546
9.94349e-05
9.90925e-05
9.80257e-05
9.77114e-05
9.66907e-05
9.6404e-05
9.54227e-05
9.51562e-05
9.42061e-05
9.39556e-05
9.30353e-05
9.28029e-05
9.19139e-05
9.17002e-05
9.08393e-05
9.06402e-05
8.98012e-05
8.96123e-05
8.87928e-05
8.86142e-05
8.7815e-05
8.76479e-05
8.68683e-05
8.67108e-05
8.59472e-05
8.57962e-05
8.5046e-05
8.49006e-05
8.41644e-05
8.40256e-05
8.33038e-05
8.31717e-05
8.2463e-05
8.23357e-05
8.16384e-05
8.15148e-05
8.08287e-05
8.07096e-05
8.00354e-05
7.99216e-05
7.92592e-05
7.91498e-05
7.84982e-05
7.83925e-05
7.77511e-05
7.76491e-05
7.70183e-05
7.69207e-05
7.63009e-05
7.62076e-05
7.55984e-05
7.5509e-05
7.49098e-05
7.48241e-05
7.42352e-05
7.41534e-05
7.35753e-05
7.34979e-05
7.29308e-05
7.28578e-05
7.23015e-05
7.22329e-05
7.16877e-05
7.16236e-05
7.109e-05
7.1031e-05
7.05096e-05
7.0456e-05
6.99471e-05
6.9899e-05
6.9403e-05
6.93606e-05
6.88777e-05
6.88415e-05
6.83722e-05
6.83426e-05
6.78874e-05
6.78645e-05
6.74233e-05
6.74073e-05
6.69803e-05
6.69713e-05
6.65585e-05
6.65567e-05
6.61582e-05
6.61637e-05
6.57791e-05
6.57918e-05
6.5421e-05
6.54407e-05
6.50833e-05
6.51099e-05
6.47655e-05
6.47988e-05
6.4467e-05
6.45069e-05
6.4187e-05
6.4233e-05
6.39245e-05
6.39764e-05
6.36786e-05
6.3736e-05
6.34485e-05
6.35111e-05
6.32332e-05
6.33006e-05
6.30317e-05
6.31036e-05
6.2843e-05
6.2919e-05
6.26662e-05
6.27459e-05
6.25005e-05
6.25836e-05
6.23449e-05
6.24311e-05
6.21987e-05
6.22877e-05
6.20612e-05
6.21527e-05
6.19315e-05
6.20253e-05
6.18092e-05
6.1905e-05
6.16936e-05
6.17912e-05
6.15841e-05
6.16833e-05
6.14802e-05
6.15808e-05
6.13815e-05
6.14833e-05
6.12876e-05
6.13905e-05
6.1198e-05
6.13018e-05
6.11125e-05
6.12171e-05
6.10306e-05
6.11359e-05
6.09521e-05
6.1058e-05
6.08768e-05
6.09833e-05
6.08045e-05
6.09112e-05
6.07348e-05
6.08418e-05
6.06675e-05
6.07748e-05
6.06025e-05
6.07101e-05
6.05397e-05
6.06474e-05
6.04789e-05
6.05866e-05
6.04199e-05
6.05276e-05
6.03626e-05
6.04703e-05
6.03068e-05
6.04145e-05
6.02526e-05
6.03602e-05
6.01998e-05
6.03072e-05
6.01482e-05
6.02555e-05
6.00979e-05
6.0205e-05
6.00487e-05
6.01556e-05
6.00005e-05
6.01072e-05
5.99534e-05
6.00598e-05
5.99072e-05
6.00133e-05
5.98619e-05
5.99677e-05
5.98174e-05
5.99229e-05
5.97737e-05
5.98789e-05
5.97307e-05
5.98356e-05
5.96884e-05
5.9793e-05
5.96468e-05
5.9751e-05
5.96058e-05
5.97096e-05
5.95654e-05
5.96688e-05
5.95255e-05
5.96286e-05
5.94862e-05
5.95889e-05
5.94473e-05
5.95496e-05
5.9409e-05
5.95109e-05
5.93711e-05
5.94726e-05
5.93336e-05
5.94347e-05
5.92965e-05
5.93972e-05
5.92599e-05
5.93601e-05
5.92236e-05
5.93234e-05
5.91876e-05
5.9287e-05
5.9152e-05
5.9251e-05
5.91167e-05
5.92153e-05
5.90817e-05
5.91799e-05
5.9047e-05
5.91448e-05
5.90126e-05
5.91099e-05
5.89785e-05
5.90754e-05
5.89446e-05
5.90411e-05
5.8911e-05
5.9007e-05
5.88776e-05
5.89732e-05
5.88445e-05
5.89397e-05
5.88116e-05
5.89063e-05
5.87789e-05
5.88732e-05
5.87464e-05
5.88403e-05
5.87141e-05
5.88076e-05
5.8682e-05
5.87751e-05
5.86501e-05
5.87427e-05
5.86184e-05
5.87106e-05
5.85868e-05
5.86787e-05
5.85555e-05
5.86469e-05
5.85243e-05
5.86153e-05
5.84932e-05
5.85839e-05
5.84623e-05
5.85525e-05
5.84316e-05
5.85214e-05
5.84011e-05
5.84904e-05
5.83706e-05
5.84596e-05
5.83404e-05
5.84289e-05
5.83102e-05
5.83984e-05
5.82802e-05
5.8368e-05
5.82504e-05
5.83378e-05
5.82206e-05
5.83077e-05
5.8191e-05
5.82777e-05
5.81616e-05
5.82478e-05
5.81322e-05
5.82181e-05
5.8103e-05
5.81886e-05
5.8074e-05
5.81591e-05
5.8045e-05
5.81298e-05
5.80162e-05
5.81006e-05
5.79874e-05
5.80715e-05
5.79588e-05
5.80425e-05
5.79304e-05
5.80137e-05
5.7902e-05
5.79849e-05
5.78737e-05
5.79563e-05
5.78456e-05
5.79278e-05
5.78175e-05
5.78995e-05
5.77896e-05
5.78712e-05
5.77618e-05
5.7843e-05
5.77341e-05
5.7815e-05
5.77065e-05
5.77871e-05
5.7679e-05
5.77592e-05
5.76516e-05
5.77315e-05
5.76243e-05
5.77039e-05
5.75972e-05
5.76764e-05
5.75701e-05
5.7649e-05
5.75431e-05
5.76217e-05
5.75163e-05
5.75945e-05
5.74895e-05
5.75674e-05
5.74628e-05
5.75405e-05
5.74362e-05
5.75136e-05
5.74098e-05
5.74868e-05
5.73835e-05
5.74602e-05
5.73572e-05
5.74336e-05
5.7331e-05
5.74071e-05
5.7305e-05
5.73808e-05
5.7279e-05
5.73545e-05
5.72531e-05
5.73284e-05
5.72274e-05
5.73023e-05
5.72017e-05
5.72763e-05
5.71761e-05
5.72505e-05
5.71506e-05
5.72247e-05
5.71253e-05
5.71991e-05
5.71e-05
5.71735e-05
5.70748e-05
5.7148e-05
5.70496e-05
5.71226e-05
5.70247e-05
5.70974e-05
5.69998e-05
5.70722e-05
5.6975e-05
5.70471e-05
5.69502e-05
5.70221e-05
5.69256e-05
5.69972e-05
5.69011e-05
5.69724e-05
5.68767e-05
5.69477e-05
5.68524e-05
5.69232e-05
5.68281e-05
5.68986e-05
5.68039e-05
5.68742e-05
5.67799e-05
5.68499e-05
5.67558e-05
5.68257e-05
5.6732e-05
