0.000715958
0.00070696
0.000702628
0.000688398
0.000680071
0.000664533
0.000655171
0.000638061
0.00062596
0.000608323
0.000597186
0.000580728
0.000569347
0.000551626
0.000539855
0.000523482
0.000513292
0.000497799
0.000487272
0.000471293
0.000461122
0.000446516
0.000437713
0.000423903
0.000414988
0.000400849
0.000391994
0.000378792
0.000371064
0.000358893
0.000351514
0.000339325
0.000331757
0.000319975
0.000313094
0.000302404
0.000296308
0.000286259
0.000280305
0.000270522
0.000264805
0.000255782
0.000250781
0.0002427
0.000238278
0.000230804
0.00022666
0.00021969
0.000215937
0.000209659
0.000206409
0.000200764
0.000197871
0.000192668
0.000190008
0.00018518
0.000182739
0.000178239
0.000175941
0.000171653
0.000169417
0.000165282
0.000163085
0.000159073
0.000156883
0.000152943
0.000150728
0.000146855
0.000144654
0.000140899
0.000138768
0.000135177
0.000133165
0.00012978
0.000127935
0.000124803
0.000123166
0.00012031
0.000118897
0.000116322
0.000115137
0.000112843
0.000111879
0.000109846
0.000109077
0.000107269
0.000106666
0.000105055
0.000104599
0.000103162
0.000102831
0.000101538
0.000101302
0.000100119
9.99531e-05
9.88551e-05
9.8739e-05
9.77033e-05
9.76192e-05
9.66268e-05
9.65583e-05
9.55946e-05
9.55314e-05
9.45876e-05
9.45248e-05
9.3597e-05
9.3533e-05
9.26211e-05
9.25569e-05
9.16633e-05
9.16023e-05
9.07301e-05
9.06768e-05
8.98299e-05
8.97887e-05
8.89707e-05
8.89452e-05
8.81586e-05
8.8151e-05
8.73965e-05
8.74082e-05
8.66856e-05
8.67173e-05
8.60257e-05
8.60765e-05
8.54139e-05
8.54818e-05
8.48452e-05
8.49277e-05
8.43137e-05
8.44084e-05
8.38141e-05
8.39183e-05
8.33404e-05
8.34512e-05
8.28867e-05
8.30013e-05
8.24475e-05
8.2564e-05
8.20189e-05
8.21355e-05
8.15977e-05
8.17132e-05
8.11818e-05
8.12953e-05
8.07696e-05
8.08808e-05
8.03607e-05
8.04698e-05
7.99557e-05
8.00629e-05
7.95554e-05
7.96613e-05
7.91609e-05
7.9266e-05
7.87734e-05
7.88784e-05
7.83943e-05
7.85e-05
7.80247e-05
7.81315e-05
7.76657e-05
7.77739e-05
7.73178e-05
7.74278e-05
7.69815e-05
7.70934e-05
7.6657e-05
7.67709e-05
7.63442e-05
7.646e-05
7.60431e-05
7.61605e-05
7.5753e-05
7.5872e-05
7.54737e-05
7.55941e-05
7.52049e-05
7.53265e-05
7.49461e-05
7.50688e-05
7.4697e-05
7.48206e-05
7.44574e-05
7.45819e-05
7.4227e-05
7.43525e-05
7.40061e-05
7.41324e-05
7.37944e-05
7.39218e-05
7.35921e-05
7.37206e-05
7.33993e-05
7.35292e-05
7.32162e-05
7.33476e-05
7.30429e-05
7.31759e-05
7.28795e-05
7.30142e-05
7.2726e-05
7.28627e-05
7.25825e-05
7.27211e-05
7.24489e-05
7.25894e-05
7.23249e-05
7.24675e-05
7.22104e-05
7.2355e-05
7.21052e-05
7.22517e-05
7.20088e-05
7.21572e-05
7.19208e-05
7.2071e-05
7.18408e-05
7.19927e-05
7.17685e-05
7.19218e-05
7.17031e-05
7.18578e-05
7.16444e-05
7.18003e-05
7.15918e-05
7.17487e-05
7.15448e-05
7.17027e-05
7.15031e-05
7.16617e-05
7.14661e-05
7.16252e-05
7.14334e-05
7.15931e-05
7.14048e-05
7.15648e-05
7.13797e-05
7.15399e-05
7.13579e-05
7.15182e-05
7.1339e-05
7.14994e-05
7.13227e-05
7.14831e-05
7.13089e-05
7.1469e-05
7.12972e-05
7.1457e-05
7.12873e-05
7.14468e-05
7.12791e-05
7.14382e-05
7.12723e-05
7.14309e-05
7.12667e-05
7.14248e-05
7.12623e-05
7.14197e-05
7.12587e-05
7.14154e-05
7.12558e-05
7.14118e-05
7.12535e-05
7.14087e-05
7.12517e-05
7.14061e-05
7.12502e-05
7.14038e-05
7.1249e-05
7.14017e-05
7.12479e-05
7.13997e-05
7.12468e-05
7.13977e-05
7.12458e-05
7.13957e-05
7.12446e-05
7.13936e-05
7.12433e-05
7.13913e-05
7.12419e-05
7.13888e-05
7.12401e-05
7.1386e-05
7.12381e-05
7.1383e-05
7.12358e-05
7.13796e-05
7.12331e-05
7.13759e-05
7.123e-05
7.13719e-05
7.12265e-05
7.13674e-05
7.12226e-05
7.13625e-05
7.12183e-05
7.13571e-05
7.12135e-05
7.13513e-05
7.12083e-05
7.13451e-05
7.12026e-05
7.13383e-05
7.11964e-05
7.13312e-05
7.11897e-05
7.13235e-05
7.11825e-05
7.13153e-05
7.11748e-05
7.13066e-05
7.11666e-05
7.12975e-05
7.1158e-05
7.12878e-05
7.11488e-05
7.12777e-05
7.11391e-05
7.1267e-05
7.11289e-05
7.12559e-05
7.11182e-05
7.12443e-05
7.1107e-05
7.12321e-05
7.10953e-05
7.12195e-05
7.10831e-05
7.12064e-05
7.10705e-05
7.11929e-05
7.10573e-05
7.11788e-05
7.10437e-05
7.11644e-05
7.10296e-05
7.11494e-05
7.10151e-05
7.11339e-05
7.1e-05
7.11181e-05
7.09846e-05
7.11018e-05
7.09687e-05
7.10851e-05
7.09523e-05
7.10679e-05
7.09356e-05
7.10503e-05
7.09183e-05
7.10323e-05
7.09007e-05
7.10139e-05
7.08827e-05
7.0995e-05
7.08643e-05
7.09758e-05
7.08454e-05
7.09562e-05
7.08262e-05
7.09362e-05
7.08066e-05
7.09159e-05
7.07866e-05
7.08951e-05
7.07662e-05
7.0874e-05
7.07455e-05
7.08526e-05
7.07244e-05
7.08307e-05
7.0703e-05
7.08086e-05
7.06813e-05
7.07862e-05
7.06592e-05
7.07634e-05
7.06367e-05
7.07403e-05
7.0614e-05
7.07169e-05
7.0591e-05
7.06931e-05
7.05676e-05
7.06691e-05
7.05439e-05
7.06448e-05
7.052e-05
7.06202e-05
7.04958e-05
7.05953e-05
7.04713e-05
7.05702e-05
7.04465e-05
7.05448e-05
7.04214e-05
7.05191e-05
7.03961e-05
7.04932e-05
7.03705e-05
7.0467e-05
7.03447e-05
7.04406e-05
7.03187e-05
7.04139e-05
7.02924e-05
7.03871e-05
7.02658e-05
7.036e-05
7.02391e-05
7.03326e-05
7.02121e-05
7.03051e-05
7.0185e-05
7.02774e-05
7.01576e-05
7.02494e-05
7.013e-05
7.02213e-05
7.01022e-05
7.0193e-05
7.00743e-05
7.01645e-05
7.00461e-05
7.01358e-05
7.00178e-05
7.0107e-05
6.99893e-05
7.0078e-05
6.99606e-05
7.00488e-05
6.99318e-05
7.00194e-05
6.99028e-05
6.99899e-05
6.98736e-05
6.99603e-05
6.98443e-05
6.99305e-05
6.98149e-05
6.99006e-05
6.97853e-05
6.98705e-05
6.97555e-05
6.98403e-05
6.97257e-05
6.98099e-05
6.96957e-05
6.97795e-05
6.96655e-05
6.9749e-05
6.96353e-05
6.97183e-05
6.9605e-05
6.96875e-05
6.95745e-05
6.96566e-05
6.9544e-05
6.96256e-05
6.95133e-05
6.95945e-05
6.94825e-05
6.95632e-05
6.94516e-05
6.9532e-05
6.94206e-05
6.95006e-05
6.93896e-05
6.94691e-05
6.93584e-05
6.94375e-05
6.93272e-05
6.94059e-05
6.92959e-05
6.93742e-05
6.92645e-05
6.93424e-05
6.9233e-05
6.93105e-05
6.92015e-05
6.92786e-05
6.91699e-05
6.92467e-05
6.91382e-05
6.92146e-05
6.91065e-05
6.91825e-05
6.90748e-05
6.91503e-05
6.90429e-05
6.91181e-05
6.9011e-05
6.90859e-05
6.89791e-05
6.90536e-05
6.89471e-05
6.90212e-05
6.89151e-05
