0.00108132
0.00106748
0.00106083
0.00103885
0.001026
0.00100225
0.000988117
0.000961788
0.000942907
0.000915645
0.000898903
0.000874094
0.000856724
0.000829145
0.000810789
0.000785911
0.000770977
0.000747688
0.000731572
0.00070673
0.000691061
0.000669122
0.000656534
0.000636111
0.000622871
0.000601227
0.000587822
0.000568106
0.000557363
0.000539908
0.00052976
0.000511794
0.000500842
0.000483373
0.000473878
0.00045876
0.00045098
0.000436876
0.000428924
0.000414704
0.000406756
0.0003937
0.000387087
0.000375754
0.00037007
0.000359429
0.000353733
0.000343459
0.000338105
0.000328894
0.000324435
0.000316339
0.000312435
0.000304901
0.000301155
0.000294066
0.000290638
0.0002842
0.000281204
0.000275311
0.000272548
0.000266958
0.000264285
0.000258947
0.000256407
0.000251363
0.000248981
0.000244194
0.000241915
0.000237311
0.000235099
0.000230674
0.000228589
0.000224424
0.00022255
0.000218685
0.000217022
0.000213416
0.000211933
0.000208591
0.000207351
0.000204362
0.000203437
0.000200818
0.000200162
0.000197833
0.000197374
0.0001953
0.000195049
0.000193255
0.000193225
0.000191683
0.000191808
0.000190429
0.000190633
0.000189365
0.000189633
0.000188472
0.000188799
0.00018772
0.000188068
0.000187025
0.000187355
0.000186323
0.000186635
0.000185623
0.000185928
0.000184941
0.000185237
0.000184264
0.000184542
0.00018358
0.000183847
0.000182909
0.000183181
0.000182277
0.000182558
0.000181685
0.000181971
0.000181126
0.000181418
0.000180602
0.000180906
0.000180124
0.000180442
0.000179689
0.000180013
0.000179282
0.000179608
0.000178896
0.000179225
0.00017853
0.00017886
0.00017818
0.000178507
0.000177836
0.000178155
0.000177489
0.0001778
0.000177139
0.000177441
0.000176785
0.000177078
0.000176424
0.000176706
0.000176054
0.000176325
0.000175675
0.000175936
0.00017529
0.000175544
0.000174902
0.000175148
0.000174511
0.00017475
0.000174119
0.000174352
0.000173729
0.000173957
0.000173343
0.000173568
0.000172963
0.000173185
0.000172589
0.00017281
0.000172225
0.000172444
0.000171871
0.000172088
0.000171527
0.000171745
0.000171196
0.000171413
0.000170877
0.000171095
0.000170573
0.000170791
0.000170283
0.000170502
0.000170009
0.00017023
0.000169753
0.000169976
0.000169514
0.00016974
0.000169294
0.000169523
0.000169095
0.000169328
0.000168917
0.000169154
0.000168761
0.000169002
0.000168627
0.000168874
0.000168517
0.000168769
0.00016843
0.000168688
0.000168367
0.00016863
0.000168327
0.000168596
0.00016831
0.000168585
0.000168316
0.000168596
0.000168343
0.000168628
0.00016839
0.000168681
0.000168458
0.000168753
0.000168543
0.000168843
0.000168645
0.000168949
0.000168763
0.00016907
0.000168895
0.000169206
0.00016904
0.000169353
0.000169197
0.000169512
0.000169364
0.00016968
0.00016954
0.000169858
0.000169724
0.000170042
0.000169915
0.000170234
0.000170112
0.000170431
0.000170314
0.000170633
0.00017052
0.000170839
0.00017073
0.000171048
0.000170942
0.00017126
0.000171157
0.000171474
0.000171374
0.000171689
0.000171592
0.000171906
0.00017181
0.000172123
0.000172029
0.00017234
0.000172249
0.000172557
0.000172467
0.000172775
0.000172686
0.000172991
0.000172903
0.000173207
0.00017312
0.000173422
0.000173336
0.000173635
0.00017355
0.000173847
0.000173763
0.000174058
0.000173974
0.000174267
0.000174184
0.000174475
0.000174392
0.00017468
0.000174598
0.000174884
0.000174802
0.000175086
0.000175004
0.000175286
0.000175204
0.000175484
0.000175403
0.00017568
0.000175599
0.000175874
0.000175793
0.000176066
0.000175985
0.000176256
0.000176175
0.000176444
0.000176362
0.000176629
0.000176548
0.000176813
0.000176731
0.000176995
0.000176913
0.000177174
0.000177092
0.000177351
0.00017727
0.000177527
0.000177445
0.0001777
0.000177618
0.000177871
0.000177789
0.00017804
0.000177958
0.000178207
0.000178125
0.000178372
0.00017829
0.000178535
0.000178453
0.000178696
0.000178614
0.000178855
0.000178773
0.000179013
0.00017893
0.000179168
0.000179085
0.000179321
0.000179239
0.000179473
0.00017939
0.000179623
0.00017954
0.000179771
0.000179688
0.000179917
0.000179834
0.000180061
0.000179978
0.000180204
0.000180121
0.000180345
0.000180262
0.000180484
0.000180401
0.000180622
0.000180538
0.000180757
0.000180674
0.000180892
0.000180808
0.000181025
0.000180941
0.000181156
0.000181072
0.000181285
0.000181202
0.000181413
0.000181329
0.00018154
0.000181456
0.000181665
0.000181581
0.000181788
0.000181704
0.00018191
0.000181826
0.000182031
0.000181947
0.00018215
0.000182066
0.000182268
0.000182184
0.000182384
0.000182301
0.0001825
0.000182416
0.000182614
0.00018253
0.000182726
0.000182642
0.000182837
0.000182754
0.000182947
0.000182864
0.000183056
0.000182972
0.000183164
0.00018308
0.00018327
0.000183186
0.000183375
0.000183291
0.000183479
0.000183396
0.000183582
0.000183498
0.000183684
0.0001836
0.000183784
0.000183701
0.000183884
0.0001838
0.000183982
0.000183899
0.00018408
0.000183996
0.000184176
0.000184092
0.000184271
0.000184188
0.000184366
0.000184282
0.000184459
0.000184376
0.000184551
0.000184468
0.000184642
0.000184559
0.000184733
0.00018465
0.000184822
0.000184739
0.000184911
0.000184828
0.000184998
0.000184915
0.000185085
0.000185002
0.000185171
0.000185088
0.000185256
0.000185173
0.00018534
0.000185257
0.000185423
0.000185341
0.000185506
0.000185423
0.000185587
0.000185505
0.000185668
0.000185586
0.000185748
0.000185666
0.000185828
0.000185746
0.000185906
0.000185824
0.000185984
0.000185902
0.000186061
0.000185979
0.000186137
0.000186055
0.000186213
0.000186131
0.000186288
0.000186206
0.000186362
0.00018628
0.000186435
0.000186354
0.000186508
0.000186427
0.00018658
0.000186499
0.000186652
0.000186571
0.000186722
0.000186642
0.000186792
0.000186712
0.000186862
0.000186781
0.000186931
0.00018685
0.000186999
0.000186919
0.000187067
0.000186987
0.000187134
0.000187054
0.000187201
0.000187121
0.000187267
0.000187187
0.000187332
0.000187252
0.000187397
0.000187317
0.000187461
0.000187381
0.000187525
0.000187445
0.000187588
0.000187509
0.000187651
0.000187571
0.000187713
0.000187634
